#HostID HostID Volume/Flows
1 1 29328
1 11 6282
1 2 17
1 22 3027
1 6 5678
1 3 204
1 9 81
1 12 679
1 20 12145
1 14 546
1 8 11062
1 4 26234
1 10 386
1 21 6038
1 7 5278
1 17 6302
1 18 928
1 23 1809
1 16 6143
1 13 14267
1 15 7734
1 19 4768
1 5 143
2 2 0
2 1 17
2 11 3
2 22 2
2 6 3
2 3 0
2 9 0
2 12 0
2 20 7
2 14 0
2 8 6
2 4 15
2 10 0
2 21 3
2 7 3
2 17 3
2 18 1
2 23 0
2 16 4
2 13 10
2 15 6
2 19 3
2 5 0
3 3 23
3 1 204
3 11 34
3 2 0
3 22 20
3 6 36
3 9 0
3 12 4
3 20 108
3 14 3
3 8 69
3 4 177
3 10 4
3 21 45
3 7 38
3 17 55
3 18 12
3 23 14
3 16 71
3 13 91
3 15 55
3 19 26
3 5 1
4 4 46517
4 21 9876
4 7 9552
4 17 11222
4 1 26234
4 18 987
4 23 2717
4 16 9538
4 13 22656
4 15 11713
4 19 9098
4 5 269
4 11 10668
4 2 15
4 22 3675
4 6 6996
4 3 177
4 9 104
4 12 571
4 20 9545
4 14 477
4 8 10294
4 10 372
5 5 49
5 4 269
5 21 56
5 7 46
5 17 49
5 1 143
5 18 4
5 23 14
5 16 53
5 13 123
5 15 80
5 19 38
5 11 42
5 2 0
5 22 16
5 6 36
5 3 1
5 9 0
5 12 4
5 20 58
5 14 1
5 8 62
5 10 2
6 6 1806
6 1 5678
6 11 1715
6 2 3
6 22 686
6 3 36
6 9 16
6 12 132
6 20 2062
6 14 97
6 8 1986
6 4 6996
6 10 77
6 21 1574
6 7 1461
6 17 1719
6 18 186
6 23 436
6 16 1575
6 13 3845
6 15 2076
6 19 1310
6 5 36
7 7 2771
7 4 9552
7 21 2015
7 17 1969
7 1 5278
7 18 205
7 23 519
7 16 1747
7 13 4862
7 15 2346
7 19 1739
7 5 46
7 11 2454
7 2 3
7 22 738
7 6 1461
7 3 38
7 9 20
7 12 88
7 20 1918
7 14 98
7 8 2043
7 10 85
8 8 5847
8 1 11062
8 11 2396
8 2 6
8 22 1075
8 6 1986
8 3 69
8 9 25
8 12 219
8 20 3412
8 14 154
8 4 10294
8 10 151
8 21 2382
8 7 2043
8 17 2455
8 18 319
8 23 843
8 16 2307
8 13 5388
8 15 2883
8 19 1913
8 5 62
9 9 8
9 1 81
9 11 43
9 2 0
9 22 10
9 6 16
9 3 0
9 12 4
9 20 29
9 14 2
9 8 25
9 4 104
9 10 1
9 21 18
9 7 20
9 17 21
9 18 3
9 23 5
9 16 25
9 13 65
9 15 20
9 19 25
9 5 0
10 10 29
10 1 386
10 11 66
10 2 0
10 22 44
10 6 77
10 3 4
10 9 1
10 12 14
10 20 164
10 14 7
10 8 151
10 4 372
10 21 78
10 7 85
10 17 82
10 18 16
10 23 39
10 16 98
10 13 175
10 15 104
10 19 75
10 5 2
11 11 5915
11 1 6282
11 2 3
11 22 828
11 6 1715
11 3 34
11 9 43
11 12 110
11 20 2317
11 14 127
11 8 2396
11 4 10668
11 10 66
11 21 2152
11 7 2454
11 17 2436
11 18 213
11 23 573
11 16 2013
11 13 8051
11 15 2082
11 19 2362
11 5 42
12 12 161
12 1 679
12 11 110
12 2 0
12 22 66
12 6 132
12 3 4
12 9 4
12 20 228
12 14 11
12 8 219
12 4 571
12 10 14
12 21 117
12 7 88
12 17 140
12 18 18
12 23 74
12 16 165
12 13 334
12 15 219
12 19 93
12 5 4
13 13 17667
13 4 22656
13 21 4670
13 7 4862
13 17 5459
13 1 14267
13 18 512
13 23 1231
13 16 4545
13 15 9427
13 19 4699
13 5 123
13 11 8051
13 2 10
13 22 2070
13 6 3845
13 3 91
13 9 65
13 12 334
13 20 5285
13 14 247
13 8 5388
13 10 175
14 14 109
14 1 546
14 11 127
14 2 0
14 22 51
14 6 97
14 3 3
14 9 2
14 12 11
14 20 205
14 8 154
14 4 477
14 10 7
14 21 107
14 7 98
14 17 113
14 18 16
14 23 36
14 16 119
14 13 247
14 15 122
14 19 88
14 5 1
15 15 7319
15 4 11713
15 21 2442
15 7 2346
15 17 2962
15 1 7734
15 18 286
15 23 623
15 16 2485
15 13 9427
15 19 2280
15 5 80
15 11 2082
15 2 6
15 22 1208
15 6 2076
15 3 55
15 9 20
15 12 219
15 20 2891
15 14 122
15 8 2883
15 10 104
16 16 3436
16 4 9538
16 21 1851
16 7 1747
16 17 2277
16 1 6143
16 18 231
16 23 673
16 13 4545
16 15 2485
16 19 1460
16 5 53
16 11 2013
16 2 4
16 22 817
16 6 1575
16 3 71
16 9 25
16 12 165
16 20 2466
16 14 119
16 8 2307
16 10 98
17 17 4256
17 4 11222
17 21 2078
17 7 1969
17 1 6302
17 18 201
17 23 560
17 16 2277
17 13 5459
17 15 2962
17 19 1893
17 5 49
17 11 2436
17 2 3
17 22 886
17 6 1719
17 3 55
17 9 21
17 12 140
17 20 2292
17 14 113
17 8 2455
17 10 82
18 18 150
18 4 987
18 21 222
18 7 205
18 17 201
18 1 928
18 23 71
18 16 231
18 13 512
18 15 286
18 19 193
18 5 4
18 11 213
18 2 1
18 22 106
18 6 186
18 3 12
18 9 3
18 12 18
18 20 349
18 14 16
18 8 319
18 10 16
19 19 3024
19 4 9098
19 21 1642
19 7 1739
19 17 1893
19 1 4768
19 18 193
19 23 383
19 16 1460
19 13 4699
19 15 2280
19 5 38
19 11 2362
19 2 3
19 22 725
19 6 1310
19 3 26
19 9 25
19 12 93
19 20 1611
19 14 88
19 8 1913
19 10 75
20 20 6879
20 1 12145
20 11 2317
20 2 7
20 22 1136
20 6 2062
20 3 108
20 9 29
20 12 228
20 14 205
20 8 3412
20 4 9545
20 10 164
20 21 2251
20 7 1918
20 17 2292
20 18 349
20 23 620
20 16 2466
20 13 5285
20 15 2891
20 19 1611
20 5 58
21 21 2966
21 4 9876
21 7 2015
21 17 2078
21 1 6038
21 18 222
21 23 546
21 16 1851
21 13 4670
21 15 2442
21 19 1642
21 5 56
21 11 2152
21 2 3
21 22 815
21 6 1574
21 3 45
21 9 18
21 12 117
21 20 2251
21 14 107
21 8 2382
21 10 78
22 22 606
22 1 3027
22 11 828
22 2 2
22 6 686
22 3 20
22 9 10
22 12 66
22 20 1136
22 14 51
22 8 1075
22 4 3675
22 10 44
22 21 815
22 7 738
22 17 886
22 18 106
22 23 227
22 16 817
22 13 2070
22 15 1208
22 19 725
22 5 16
23 23 577
23 4 2717
23 21 546
23 7 519
23 17 560
23 1 1809
23 18 71
23 16 673
23 13 1231
23 15 623
23 19 383
23 5 14
23 11 573
23 2 0
23 22 227
23 6 436
23 3 14
23 9 5
23 12 74
23 20 620
23 14 36
23 8 843
23 10 39
