#HostID HostID Volume/Flows
1 1 635
1 2 145
1 3 4258
1 4 617
1 6 492
1 5 2233
1 8 868
1 7 3148
1 9 521
1 11 9018
1 10 609
2 2 33
2 3 977
2 1 145
2 4 141
2 6 113
2 5 512
2 8 199
2 7 722
2 9 119
2 11 2070
2 10 139
3 3 28526
3 2 977
3 1 4258
3 4 4139
3 5 14961
3 6 3301
3 8 5817
3 9 3492
3 7 21089
3 11 60417
3 10 4084
4 4 600
4 6 479
4 8 844
4 2 141
4 7 3060
4 5 2171
4 3 4139
4 9 506
4 1 617
4 11 8767
4 10 592
5 5 7847
5 6 1731
5 9 1831
5 8 3051
5 4 2171
5 7 11061
5 3 14961
5 10 2142
5 11 31688
5 2 512
5 1 2233
6 6 382
6 8 673
6 4 479
6 7 2440
6 5 1731
6 9 404
6 11 6992
6 10 472
6 2 113
6 3 3301
6 1 492
7 7 15591
7 8 4301
7 11 44667
7 6 2440
7 9 2581
7 10 3019
7 4 3060
7 5 11061
7 2 722
7 3 21089
7 1 3148
8 8 1186
8 7 4301
8 6 673
8 9 712
8 11 12321
8 4 844
8 10 833
8 5 3051
8 2 199
8 3 5817
8 1 868
9 9 427
9 8 712
9 10 500
9 7 2581
9 11 7396
9 6 404
9 5 1831
9 4 506
9 3 3492
9 2 119
9 1 521
10 10 584
10 11 8650
10 9 500
10 7 3019
10 8 833
10 6 472
10 5 2142
10 4 592
10 2 139
10 3 4084
10 1 609
11 11 127962
11 10 8650
11 7 44667
11 8 12321
11 9 7396
11 6 6992
11 4 8767
11 5 31688
11 2 2070
11 3 60417
11 1 9018
